173,57
173,56
173,55
173,54
173,53
173,52
173,51
173,50
173,49
173,48
173,47
173,46
173,45
173,44
173,43
173,42
173,41
173,40
173,39
173,38
173,37
173,36
173,35
10,159
10,291
10,212
10,309
10,308
10,244
10,72
10,166
10,2
10,3
11,6
11,30
11,27
11,17
11,12
11,24
11,2
11,3
9,7
168,3
168,2
168,1
168,0
167,3
167,2
167,1
8,17
8,15
8,14
8,8
167,0
166,3
8,5
8,4
166,2
166,1
8,7
166,0
165,3
165,2
165,1
165,0
61,3
61,2
61,1
61,0
60,3
60,2
60,1
60,0
59,3
59,2
59,1
59,0
58,3
58,2
58,1
58,0
57,3
57,2
57,1
57,0
56,3
56,2
56,1
56,0
55,3
55,2
55,1
55,0
54,3
54,2
54,1
54,0
53,3
53,2
53,1
53,0
52,3
52,2
52,1
52,0
51,3
51,2
51,1
51,0
50,3
50,2
50,1
50,0
20,3
20,2
20,1
19,3
19,2
19,1
12,3
12,2
12,1
11,29
11,28
11,26
11,25
